Frame	X1	Y1	Flag1	X2	Y2	Flag2	X3	Y3	Flag3	X4	Y4	Flag4	X5	Y5	Flag5	X6	Y6	Flag6	X7	Y7	Flag7	X8	Y8	Flag8
Tracks 1 to 8
1	63.474586	63.586346	 	86.97312	70.42473	 	 	 	 	 	 	 	 	 	 	 	 	 	 	 	 	 	 	 
2	63.46017	63.75366	 	87.64286	70.38095	 	 	 	 	 	 	 	 	 	 	 	 	 	 	 	 	 	 	 
3	63.45989	63.743923	 	88.614586	69.9375	 	 	 	 	 	 	 	 	 	 	 	 	 	 	 	 	 	 	 
4	63.435764	63.780727	 	89.0977	70.24712	 	 	 	 	 	 	 	 	 	 	 	 	 	 	 	 	 	 	 
5	63.43675	63.83117	 	89.02941	69.87647	 	 	 	 	 	 	 	 	 	 	 	 	 	 	 	 	 	 	 
6	63.46086	63.86408	 	88.583336	68.809525	 	 	 	 	 	 	 	 	 	 	 	 	 	 	 	 	 	 	 
7	63.49059	63.82382	 	88.44444	68.166664	 	 	 	 	 	 	 	 	 	 	 	 	 	 	 	 	 	 	 
8	63.48157	63.90188	 	88.891304	67.61957	 	 	 	 	 	 	 	 	 	 	 	 	 	 	 	 	 	 	 
9	63.46217	63.891376	 	89.56977	67.093025	 	 	 	 	 	 	 	 	 	 	 	 	 	 	 	 	 	 	 
10	63.425632	63.883617	 	90.803795	67.33544	 	 	 	 	 	 	 	 	 	 	 	 	 	 	 	 	 	 	 
11	63.4272	63.854713	 	91.51099	67.56593	 	 	 	 	 	 	 	 	 	 	 	 	 	 	 	 	 	 	 
12	63.440495	63.849926	 	91.360214	67.1129	 	 	 	 	 	 	 	 	 	 	 	 	 	 	 	 	 	 	 
13	63.41467	63.87597	 	90.40909	66.92857	 	 	 	 	 	 	 	 	 	 	 	 	 	 	 	 	 	 	 
14	63.443443	63.88654	 	89.53571	66.22619	 	 	 	 	 	 	 	 	 	 	 	 	 	 	 	 	 	 	 
15	63.453655	63.805523	 	89.142105	65.20526	 	 	 	 	 	 	 	 	 	 	 	 	 	 	 	 	 	 	 
16	63.44957	63.780376	 	88.55556	64.82222	 	 	 	 	 	 	 	 	 	 	 	 	 	 	 	 	 	 	 
17	63.464123	63.8979	 	88.46342	64.18293	 	 	 	 	 	 	 	 	 	 	 	 	 	 	 	 	 	 	 
18	63.491	63.89316	 	88.551544	63.25258	 	 	 	 	 	 	 	 	 	 	 	 	 	 	 	 	 	 	 
19	63.45196	63.74942	 	88.489365	62.946808	 	 	 	 	 	 	 	 	 	 	 	 	 	 	 	 	 	 	 
20	63.55702	63.8281	 	 	 	 	 	 	 	 	 	 	 	 	 	 	 	 	 	 	 	 	 	 
21	63.44308	63.87532	 	 	 	 	88.333336	64.09375	 	 	 	 	 	 	 	 	 	 	 	 	 	 	 	 
22	63.481125	63.878937	 	 	 	 	87.80337	64.79214	 	 	 	 	 	 	 	 	 	 	 	 	 	 	 	 
23	63.499313	63.837666	 	 	 	 	87.4898	65.27551	 	 	 	 	 	 	 	 	 	 	 	 	 	 	 	 
24	63.42761	63.885696	 	 	 	 	88.39333	65.66	 	 	 	 	 	 	 	 	 	 	 	 	 	 	 	 
25	63.460045	63.70498	 	 	 	 	88.84091	65.97727	 	 	 	 	 	 	 	 	 	 	 	 	 	 	 	 
26	63.445	63.91803	 	 	 	 	87.513885	65.513885	 	 	 	 	 	 	 	 	 	 	 	 	 	 	 	 
27	63.52988	63.94145	 	 	 	 	86.60526	65.37369	 	 	 	 	 	 	 	 	 	 	 	 	 	 	 	 
28	63.50006	63.94816	 	 	 	 	85.94	64.833336	 	 	 	 	 	 	 	 	 	 	 	 	 	 	 	 
29	63.564938	63.925217	 	 	 	 	84.543015	64.01613	 	 	 	 	 	 	 	 	 	 	 	 	 	 	 	 
30	63.477695	63.90787	 	 	 	 	85.44118	64.47059	 	 	 	 	 	 	 	 	 	 	 	 	 	 	 	 
31	63.47927	63.891632	 	 	 	 	87.59638	64.921684	 	 	 	 	 	 	 	 	 	 	 	 	 	 	 	 
32	63.51946	63.89813	 	 	 	 	87.82222	65.31111	 	 	 	 	 	 	 	 	 	 	 	 	 	 	 	 
33	63.51701	63.91726	 	 	 	 	87.56593	65.34615	 	 	 	 	 	 	 	 	 	 	 	 	 	 	 	 
34	63.507668	63.91081	 	 	 	 	87.42771	65.8253	 	 	 	 	 	 	 	 	 	 	 	 	 	 	 	 
35	63.513336	63.886826	 	 	 	 	87.08696	66.771736	 	 	 	 	 	 	 	 	 	 	 	 	 	 	 	 
36	63.469868	63.852154	 	 	 	 	87.39655	67.68391	 	 	 	 	 	 	 	 	 	 	 	 	 	 	 	 
37	63.46912	63.815186	 	 	 	 	86.68421	67.67105	 	 	 	 	 	 	 	 	 	 	 	 	 	 	 	 
38	63.53155	63.863075	 	 	 	 	86.06383	67.585106	 	 	 	 	 	 	 	 	 	 	 	 	 	 	 	 
39	63.540432	63.86328	 	 	 	 	85.94	68.29	 	 	 	 	 	 	 	 	 	 	 	 	 	 	 	 
40	63.52742	63.844757	 	 	 	 	85.67021	68.76596	 	 	 	 	 	 	 	 	 	 	 	 	 	 	 	 
41	63.48558	63.84172	 	 	 	 	86.4125	68.425	 	 	 	 	 	 	 	 	 	 	 	 	 	 	 	 
42	63.51946	63.855183	 	 	 	 	86.55495	67.42308	 	 	 	 	 	 	 	 	 	 	 	 	 	 	 	 
43	63.535046	63.87663	 	 	 	 	85.80928	67.18041	 	 	 	 	 	 	 	 	 	 	 	 	 	 	 	 
44	63.510983	63.864136	 	 	 	 	85.797874	66.723404	 	 	 	 	 	 	 	 	 	 	 	 	 	 	 	 
45	63.493385	63.85488	 	 	 	 	86.20731	67.231705	 	 	 	 	 	 	 	 	 	 	 	 	 	 	 	 
46	63.46771	63.845264	 	 	 	 	87.32667	67.80666	 	 	 	 	 	 	 	 	 	 	 	 	 	 	 	 
47	63.482952	63.82145	 	 	 	 	88.095505	67.185394	 	 	 	 	 	 	 	 	 	 	 	 	 	 	 	 
48	63.45952	63.839268	 	 	 	 	87.104935	66.57407	 	 	 	 	 	 	 	 	 	 	 	 	 	 	 	 
49	63.527454	63.877674	 	 	 	 	86.03261	65.597824	 	 	 	 	 	 	 	 	 	 	 	 	 	 	 	 
50	63.512497	63.82769	 	 	 	 	86.12353	66.26471	 	 	 	 	 	 	 	 	 	 	 	 	 	 	 	 
51	63.544464	63.854847	 	 	 	 	85.573685	67.15263	 	 	 	 	 	 	 	 	 	 	 	 	 	 	 	 
52	63.54154	63.90304	 	 	 	 	85.113335	66.433334	 	 	 	 	 	 	 	 	 	 	 	 	 	 	 	 
53	63.55208	63.940063	 	 	 	 	83.97619	65.07143	 	 	 	 	 	 	 	 	 	 	 	 	 	 	 	 
54	63.564148	63.860023	 	 	 	 	83.634834	64.79214	 	 	 	 	 	 	 	 	 	 	 	 	 	 	 	 
55	63.53209	63.896618	 	 	 	 	84.63253	65.27109	 	 	 	 	 	 	 	 	 	 	 	 	 	 	 	 
56	63.53612	63.885464	 	 	 	 	85.083336	65.552086	 	 	 	 	 	 	 	 	 	 	 	 	 	 	 	 
57	63.54781	63.90794	 	 	 	 	84.53488	65.209305	 	 	 	 	 	 	 	 	 	 	 	 	 	 	 	 
58	63.570362	63.913013	 	 	 	 	83.443184	64.829544	 	 	 	 	 	 	 	 	 	 	 	 	 	 	 	 
59	63.597275	63.915104	 	 	 	 	83.09804	64.59804	 	 	 	 	 	 	 	 	 	 	 	 	 	 	 	 
60	63.58879	63.886513	 	 	 	 	82.58696	64.945656	 	 	 	 	 	 	 	 	 	 	 	 	 	 	 	 
61	63.6162	63.91745	 	 	 	 	82.302086	64.697914	 	 	 	 	 	 	 	 	 	 	 	 	 	 	 	 
62	63.635918	63.940758	 	 	 	 	82.54124	64.78866	 	 	 	 	 	 	 	 	 	 	 	 	 	 	 	 
63	63.623188	63.955338	 	 	 	 	82.31443	64.396904	 	 	 	 	 	 	 	 	 	 	 	 	 	 	 	 
64	63.616962	63.983288	 	 	 	 	82.28022	63.62088	 	 	 	 	 	 	 	 	 	 	 	 	 	 	 	 
65	63.629604	63.969948	 	 	 	 	82.072914	63.489582	 	 	 	 	 	 	 	 	 	 	 	 	 	 	 	 
66	63.587112	63.97657	 	 	 	 	82.70731	63.158535	 	 	 	 	 	 	 	 	 	 	 	 	 	 	 	 
67	63.590294	64.001274	 	 	 	 	83.093025	62.279068	 	 	 	 	 	 	 	 	 	 	 	 	 	 	 	 
68	63.626385	64.01748	 	 	 	 	82.38298	61.734043	 	 	 	 	 	 	 	 	 	 	 	 	 	 	 	 
69	63.621574	64.04005	 	 	 	 	81.51282	61.320515	 	 	 	 	 	 	 	 	 	 	 	 	 	 	 	 
70	63.662895	64.040054	 	 	 	 	80.93678	61.33908	 	 	 	 	 	 	 	 	 	 	 	 	 	 	 	 
71	63.66199	64.01222	 	 	 	 	80.9875	62.3375	 	 	 	 	 	 	 	 	 	 	 	 	 	 	 	 
72	63.64549	64.0042	 	 	 	 	81.11539	61.974358	 	 	 	 	 	 	 	 	 	 	 	 	 	 	 	 
73	63.61167	64.03699	 	 	 	 	81.708336	61.01389	 	 	 	 	 	 	 	 	 	 	 	 	 	 	 	 
74	63.621796	64.03504	 	 	 	 	82.64286	61.512985	 	 	 	 	 	 	 	 	 	 	 	 	 	 	 	 
75	63.6159	64.00286	 	 	 	 	82.20238	62.52381	 	 	 	 	 	 	 	 	 	 	 	 	 	 	 	 
76	63.640335	63.984673	 	 	 	 	82.5	63.129215	 	 	 	 	 	 	 	 	 	 	 	 	 	 	 	 
77	63.61077	63.98827	 	 	 	 	82.6358	63.9321	 	 	 	 	 	 	 	 	 	 	 	 	 	 	 	 
78	63.613346	63.960415	 	 	 	 	81.73943	65.06338	 	 	 	 	 	 	 	 	 	 	 	 	 	 	 	 
79	63.65087	63.940174	 	 	 	 	81.12963	64.919754	 	 	 	 	 	 	 	 	 	 	 	 	 	 	 	 
80	63.647938	63.952274	 	 	 	 	80.75974	65.64286	 	 	 	 	 	 	 	 	 	 	 	 	 	 	 	 
81	63.6705	63.957886	 	 	 	 	80.24117	65.73529	 	 	 	 	 	 	 	 	 	 	 	 	 	 	 	 
82	63.697388	63.9597	 	 	 	 	79.488235	64.935295	 	 	 	 	 	 	 	 	 	 	 	 	 	 	 	 
83	63.70634	63.913116	 	 	 	 	79.39011	64.80769	 	 	 	 	 	 	 	 	 	 	 	 	 	 	 	 
84	63.664276	63.909664	 	 	 	 	80.06962	64.803795	 	 	 	 	 	 	 	 	 	 	 	 	 	 	 	 
85	63.65091	63.90963	 	 	 	 	80.79269	65.51219	 	 	 	 	 	 	 	 	 	 	 	 	 	 	 	 
86	63.64154	63.90319	 	 	 	 	80.26744	66.51163	 	 	 	 	 	 	 	 	 	 	 	 	 	 	 	 
87	63.67478	63.878704	 	 	 	 	79.639534	66.76744	 	 	 	 	 	 	 	 	 	 	 	 	 	 	 	 
88	63.691948	63.89118	 	 	 	 	79.025	66.975	 	 	 	 	 	 	 	 	 	 	 	 	 	 	 	 
89	63.68992	63.88158	 	 	 	 	79.04667	67.36667	 	 	 	 	 	 	 	 	 	 	 	 	 	 	 	 
90	63.687202	63.808056	 	 	 	 	78.97143	67.92857	 	 	 	 	 	 	 	 	 	 	 	 	 	 	 	 
91	63.658867	63.87791	 	 	 	 	79.60526	68.197365	 	 	 	 	 	 	 	 	 	 	 	 	 	 	 	 
92	63.685863	63.89344	 	 	 	 	80.20731	67.65854	 	 	 	 	 	 	 	 	 	 	 	 	 	 	 	 
93	63.68152	63.905846	 	 	 	 	79.52702	67.16216	 	 	 	 	 	 	 	 	 	 	 	 	 	 	 	 
94	63.703945	63.893265	 	 	 	 	78.81396	67.23256	 	 	 	 	 	 	 	 	 	 	 	 	 	 	 	 
95	63.674953	63.907578	 	 	 	 	79.486664	68.00667	 	 	 	 	 	 	 	 	 	 	 	 	 	 	 	 
96	63.669	63.89122	 	 	 	 	80.40476	68.60714	 	 	 	 	 	 	 	 	 	 	 	 	 	 	 	 
97	63.659714	63.869053	 	 	 	 	80.07534	67.678085	 	 	 	 	 	 	 	 	 	 	 	 	 	 	 	 
98	63.66632	63.592	 	 	 	 	80.109375	68.296875	 	 	 	 	 	 	 	 	 	 	 	 	 	 	 	 
99	63.677513	63.893852	 	 	 	 	79.72388	67.470146	 	 	 	 	 	 	 	 	 	 	 	 	 	 	 	 
100	63.75107	63.881504	 	 	 	 	 	 	 	 	 	 	 	 	 	 	 	 	 	 	 	 	 	 
101	63.713524	63.88964	 	 	 	 	 	 	 	 	 	 	 	 	 	 	 	 	 	 	 	 	 	 
102	63.67688	63.866577	 	 	 	 	 	 	 	78.74074	70.35185	 	 	 	 	 	 	 	 	 	 	 	 	 
103	63.694614	63.822056	 	 	 	 	 	 	 	78.59677	71.048386	 	 	 	 	 	 	 	 	 	 	 	 	 
104	63.64152	63.81844	 	 	 	 	 	 	 	79.73077	70.57692	 	 	 	 	 	 	 	 	 	 	 	 	 
105	63.676453	63.842953	 	 	 	 	 	 	 	80.310814	70.37838	 	 	 	 	 	 	 	 	 	 	 	 	 
106	63.64444	63.85422	 	 	 	 	 	 	 	80.66418	71.08209	 	 	 	 	 	 	 	 	 	 	 	 	 
107	63.750557	63.89315	 	 	 	 	 	 	 	 	 	 	 	 	 	 	 	 	 	 	 	 	 	 
108	63.650837	63.835823	 	 	 	 	 	 	 	 	 	 	 	 	 	 	 	 	 	 	 	 	 	 
109	63.72064	63.83914	 	 	 	 	 	 	 	 	 	 	 	 	 	 	 	 	 	 	 	 	 	 
110	63.724335	63.84149	 	 	 	 	 	 	 	 	 	 	 	 	 	 	 	 	 	 	 	 	 	 
111	63.74802	63.839027	 	 	 	 	 	 	 	 	 	 	 	 	 	 	 	 	 	 	 	 	 	 
112	63.746086	63.85164	 	 	 	 	 	 	 	 	 	 	 	 	 	 	 	 	 	 	 	 	 	 
113	63.763485	63.788467	 	 	 	 	 	 	 	 	 	 	 	 	 	 	 	 	 	 	 	 	 	 
114	63.752247	63.787468	 	 	 	 	 	 	 	 	 	 	 	 	 	 	 	 	 	 	 	 	 	 
115	63.737476	63.83835	 	 	 	 	 	 	 	 	 	 	 	 	 	 	 	 	 	 	 	 	 	 
116	63.744766	63.828854	 	 	 	 	 	 	 	 	 	 	 	 	 	 	 	 	 	 	 	 	 	 
117	63.730213	63.78736	 	 	 	 	 	 	 	 	 	 	 	 	 	 	 	 	 	 	 	 	 	 
118	63.71897	63.792374	 	 	 	 	 	 	 	 	 	 	 	 	 	 	 	 	 	 	 	 	 	 
119	63.72553	63.79134	 	 	 	 	 	 	 	 	 	 	 	 	 	 	 	 	 	 	 	 	 	 
120	63.704292	63.803482	 	 	 	 	 	 	 	 	 	 	 	 	 	 	 	 	 	 	 	 	 	 
121	63.788773	63.86851	 	 	 	 	 	 	 	 	 	 	 	 	 	 	 	 	 	 	 	 	 	 
122	63.721592	63.790104	 	 	 	 	 	 	 	 	 	 	78.84091	72.72727	 	 	 	 	 	 	 	 	 	 
123	63.69078	63.80555	 	 	 	 	 	 	 	 	 	 	79.03846	73.21795	 	 	 	 	 	 	 	 	 	 
124	63.679897	63.812454	 	 	 	 	 	 	 	 	 	 	78.77536	72.63043	 	 	 	 	 	 	 	 	 	 
125	63.67214	63.795822	 	 	 	 	 	 	 	 	 	 	77.81035	71.86207	 	 	 	 	 	 	 	 	 	 
126	63.75373	63.883816	 	 	 	 	 	 	 	 	 	 	 	 	 	 	 	 	 	 	 	 	 	 
127	63.71786	63.829426	 	 	 	 	 	 	 	 	 	 	 	 	 	 	 	 	 	 	 	 	 	 
128	63.692898	63.79388	 	 	 	 	 	 	 	 	 	 	 	 	 	 	 	 	 	 	 	 	 	 
129	63.669003	63.79592	 	 	 	 	 	 	 	 	 	 	 	 	 	80.38	72.4	 	 	 	 	 	 	 
130	63.646023	63.841007	 	 	 	 	 	 	 	 	 	 	 	 	 	81.19355	72.16129	 	 	 	 	 	 	 
131	63.63462	63.82168	 	 	 	 	 	 	 	 	 	 	 	 	 	81.58108	72.71622	 	 	 	 	 	 	 
132	63.64624	63.805912	 	 	 	 	 	 	 	 	 	 	 	 	 	81.344154	73.46104	 	 	 	 	 	 	 
133	63.726173	63.86966	 	 	 	 	 	 	 	 	 	 	 	 	 	 	 	 	 	 	 	 	 	 
134	63.68959	63.823605	 	 	 	 	 	 	 	 	 	 	 	 	 	 	 	 	 	 	 	 	 	 
135	63.706066	63.875496	 	 	 	 	 	 	 	 	 	 	 	 	 	 	 	 	 	 	 	 	 	 
136	63.71061	63.857456	 	 	 	 	 	 	 	 	 	 	 	 	 	 	 	 	 	 	 	 	 	 
137	63.709843	63.801872	 	 	 	 	 	 	 	 	 	 	 	 	 	 	 	 	 	 	 	 	 	 
138	63.64617	63.831406	 	 	 	 	 	 	 	 	 	 	 	 	 	 	 	 	81.69718	72.21831	 	 	 	 
139	63.645115	63.829727	 	 	 	 	 	 	 	 	 	 	 	 	 	 	 	 	81.5	71.58451	 	 	 	 
140	63.67375	63.782326	 	 	 	 	 	 	 	 	 	 	 	 	 	 	 	 	81.30597	71.11194	 	 	 	 
141	63.619297	63.84805	 	 	 	 	 	 	 	 	 	 	 	 	 	 	 	 	82.140625	71.359375	 	 	 	 
142	63.72589	63.885136	 	 	 	 	 	 	 	 	 	 	 	 	 	 	 	 	 	 	 	 	 	 
143	63.654	63.87407	 	 	 	 	 	 	 	 	 	 	 	 	 	 	 	 	 	 	 	 	 	 
144	63.68127	63.87531	 	 	 	 	 	 	 	 	 	 	 	 	 	 	 	 	 	 	 	 	 	 
145	63.598686	63.88086	 	 	 	 	 	 	 	 	 	 	 	 	 	 	 	 	 	 	 	83.17273	67.718185	 
146	63.625576	63.90185	 	 	 	 	 	 	 	 	 	 	 	 	 	 	 	 	 	 	 	83.17105	66.289474	 
147	63.624596	63.929024	 	 	 	 	 	 	 	 	 	 	 	 	 	 	 	 	 	 	 	82.7875	65.7	 
148	63.597336	63.95376	 	 	 	 	 	 	 	 	 	 	 	 	 	 	 	 	 	 	 	83.14286	64.71429	 
149	63.60742	63.975338	 	 	 	 	 	 	 	 	 	 	 	 	 	 	 	 	 	 	 	83.07317	63.439026	 
150	63.6317	63.99919	 	 	 	 	 	 	 	 	 	 	 	 	 	 	 	 	 	 	 	82.74419	63.17442	 
151	63.637108	64.012024	 	 	 	 	 	 	 	 	 	 	 	 	 	 	 	 	 	 	 	82.5	63.256096	 
152	63.606964	64.02337	 	 	 	 	 	 	 	 	 	 	 	 	 	 	 	 	 	 	 	82.55882	61.85294	 
153	63.626934	63.99431	 	 	 	 	 	 	 	 	 	 	 	 	 	 	 	 	 	 	 	82.84426	62.565575	 
154	63.721973	63.98235	 	 	 	 	 	 	 	 	 	 	 	 	 	 	 	 	 	 	 	 	 	 
155	63.731594	63.98744	 	 	 	 	 	 	 	 	 	 	 	 	 	 	 	 	 	 	 	 	 	 
156	63.698017	63.993027	 	 	 	 	 	 	 	 	 	 	 	 	 	 	 	 	 	 	 	 	 	 
157	63.694416	63.9951	 	 	 	 	 	 	 	 	 	 	 	 	 	 	 	 	 	 	 	 	 	 
158	63.690975	63.92459	 	 	 	 	 	 	 	 	 	 	 	 	 	 	 	 	 	 	 	 	 	 
159	63.678078	63.941376	 	 	 	 	 	 	 	 	 	 	 	 	 	 	 	 	 	 	 	 	 	 
160	63.67319	63.97484	 	 	 	 	 	 	 	 	 	 	 	 	 	 	 	 	 	 	 	 	 	 
161	63.70248	63.972824	 	 	 	 	 	 	 	 	 	 	 	 	 	 	 	 	 	 	 	 	 	 
162	63.708214	63.993618	 	 	 	 	 	 	 	 	 	 	 	 	 	 	 	 	 	 	 	 	 	 
163	63.70664	63.979862	 	 	 	 	 	 	 	 	 	 	 	 	 	 	 	 	 	 	 	 	 	 
164	63.720253	63.992004	 	 	 	 	 	 	 	 	 	 	 	 	 	 	 	 	 	 	 	 	 	 
165	63.739292	63.996933	 	 	 	 	 	 	 	 	 	 	 	 	 	 	 	 	 	 	 	 	 	 
166	63.76385	63.97292	 	 	 	 	 	 	 	 	 	 	 	 	 	 	 	 	 	 	 	 	 	 
167	63.75621	63.99997	 	 	 	 	 	 	 	 	 	 	 	 	 	 	 	 	 	 	 	 	 	 
168	63.797935	63.9465	 	 	 	 	 	 	 	 	 	 	 	 	 	 	 	 	 	 	 	 	 	 
169	63.78473	63.956127	 	 	 	 	 	 	 	 	 	 	 	 	 	 	 	 	 	 	 	 	 	 
170	63.74062	63.983967	 	 	 	 	 	 	 	 	 	 	 	 	 	 	 	 	 	 	 	 	 	 
171	63.737152	64.010864	 	 	 	 	 	 	 	 	 	 	 	 	 	 	 	 	 	 	 	 	 	 
172	63.738182	63.967808	 	 	 	 	 	 	 	 	 	 	 	 	 	 	 	 	 	 	 	 	 	 
173	63.72207	63.980843	 	 	 	 	 	 	 	 	 	 	 	 	 	 	 	 	 	 	 	 	 	 
174	63.77172	64.01334	 	 	 	 	 	 	 	 	 	 	 	 	 	 	 	 	 	 	 	 	 	 
175	63.780693	64.00942	 	 	 	 	 	 	 	 	 	 	 	 	 	 	 	 	 	 	 	 	 	 
176	63.763325	63.972916	 	 	 	 	 	 	 	 	 	 	 	 	 	 	 	 	 	 	 	 	 	 
177	63.75935	63.934525	 	 	 	 	 	 	 	 	 	 	 	 	 	 	 	 	 	 	 	 	 	 
178	63.718758	63.977394	 	 	 	 	 	 	 	 	 	 	 	 	 	 	 	 	 	 	 	 	 	 
179	63.71344	63.920914	 	 	 	 	 	 	 	 	 	 	 	 	 	 	 	 	 	 	 	 	 	 
180	63.725094	63.9412	 	 	 	 	 	 	 	 	 	 	 	 	 	 	 	 	 	 	 	 	 	 
181	63.71743	63.99002	 	 	 	 	 	 	 	 	 	 	 	 	 	 	 	 	 	 	 	 	 	 
182	63.71244	63.9614	 	 	 	 	 	 	 	 	 	 	 	 	 	 	 	 	 	 	 	 	 	 
183	63.676018	64.00102	 	 	 	 	 	 	 	 	 	 	 	 	 	 	 	 	 	 	 	 	 	 
184	63.59608	63.954884	 	 	 	 	 	 	 	 	 	 	 	 	 	 	 	 	 	 	 	 	 	 
185	63.65701	63.95565	 	 	 	 	 	 	 	 	 	 	 	 	 	 	 	 	 	 	 	 	 	 
186	63.663555	63.931026	 	 	 	 	 	 	 	 	 	 	 	 	 	 	 	 	 	 	 	 	 	 
187	63.665882	63.944912	 	 	 	 	 	 	 	 	 	 	 	 	 	 	 	 	 	 	 	 	 	 
188	63.67999	63.931118	 	 	 	 	 	 	 	 	 	 	 	 	 	 	 	 	 	 	 	 	 	 
189	63.657272	63.92375	 	 	 	 	 	 	 	 	 	 	 	 	 	 	 	 	 	 	 	 	 	 
190	63.62552	63.93659	 	 	 	 	 	 	 	 	 	 	 	 	 	 	 	 	 	 	 	 	 	 
191	63.641354	63.975616	 	 	 	 	 	 	 	 	 	 	 	 	 	 	 	 	 	 	 	 	 	 
192	63.630802	63.976734	 	 	 	 	 	 	 	 	 	 	 	 	 	 	 	 	 	 	 	 	 	 
193	63.624264	63.97741	 	 	 	 	 	 	 	 	 	 	 	 	 	 	 	 	 	 	 	 	 	 
194	63.65651	63.96916	 	 	 	 	 	 	 	 	 	 	 	 	 	 	 	 	 	 	 	 	 	 
195	63.66232	63.94706	 	 	 	 	 	 	 	 	 	 	 	 	 	 	 	 	 	 	 	 	 	 
196	63.6931	63.92565	 	 	 	 	 	 	 	 	 	 	 	 	 	 	 	 	 	 	 	 	 	 
197	63.659225	63.95579	 	 	 	 	 	 	 	 	 	 	 	 	 	 	 	 	 	 	 	 	 	 
