Frame	X1	Y1	Flag1	X2	Y2	Flag2	X3	Y3	Flag3
Tracks 1 to 3
1	61.38621	64.24222	 	79.80769	73.753845	 	 	 	 
2	61.389477	64.26103	 	79.95378	73.51681	 	 	 	 
3	61.457825	64.30358	 	79.65179	73.11607	 	 	 	 
4	61.41297	64.31091	 	79.78696	72.69131	 	 	 	 
5	61.39475	64.334114	 	79.638885	72.32407	 	 	 	 
6	61.33144	64.30702	 	78.97619	71.62381	 	 	 	 
7	61.446224	64.3347	 	78.6	71.95	 	 	 	 
8	61.433914	64.32805	 	78.73684	73.00877	 	 	 	 
9	61.435745	64.28836	 	78.85965	72.807014	 	 	 	 
10	61.4116	64.33721	 	79.09091	72.218185	 	 	 	 
11	61.411606	64.31494	 	78.951324	72.08407	 	 	 	 
12	61.40452	64.28713	 	79.19811	72.65094	 	 	 	 
13	61.390633	64.29482	 	79.94444	72.40741	 	 	 	 
14	61.28088	64.27944	 	81.30899	71.41011	 	 	 	 
15	61.283047	64.379814	 	82.56731	69.99039	 	 	 	 
16	61.338825	64.375946	 	82.78571	70.23333	 	 	 	 
17	61.276054	64.33334	 	83.4898	71.31633	 	 	 	 
18	61.267387	64.356155	 	83.818184	71.34545	 	 	 	 
19	61.323017	64.31383	 	82.74272	71.84952	 	 	 	 
20	61.38401	64.319214	 	82.022125	72.340706	 	 	 	 
21	61.330433	64.33219	 	81.89639	72.63513	 	 	 	 
22	61.31779	64.29438	 	81.72642	73.5	 	 	 	 
23	61.38321	64.29643	 	81.848625	73.59174	 	 	 	 
24	61.316334	64.28531	 	81.76363	73.527275	 	 	 	 
25	61.309402	64.30784	 	81.51818	73.454544	 	 	 	 
26	61.33666	64.30804	 	80.88739	73.3018	 	 	 	 
27	61.325665	64.342674	 	80.58108	73.03153	 	 	 	 
28	61.395084	64.33033	 	81.06896	72.35345	 	 	 	 
29	61.288296	64.35354	 	81.62963	72.27778	 	 	 	 
30	61.341553	64.30774	 	82.07391	72.11739	 	 	 	 
31	61.36568	64.36093	 	81.92373	71.5339	 	 	 	 
32	61.35199	64.378815	 	81.78814	71.067795	 	 	 	 
33	61.258595	64.35653	 	82.39815	70.546295	 	 	 	 
34	61.29148	64.36149	 	82.910255	70.76495	 	 	 	 
35	61.28572	64.3465	 	82.35185	70.56481	 	 	 	 
36	61.310345	64.348656	 	81.88261	70.04783	 	 	 	 
37	61.325356	64.38761	 	81.73387	69.80645	 	 	 	 
38	61.31328	64.358864	 	81.371796	70.17522	 	 	 	 
39	61.339622	64.336555	 	81.15289	70.161156	 	 	 	 
40	61.285736	64.35875	 	80.81896	69.405174	 	 	 	 
41	61.395317	64.41837	 	80.336205	68.88793	 	 	 	 
42	61.295082	64.38387	 	80.49152	68.73729	 	 	 	 
43	61.2917	64.36912	 	81.57692	69.14423	 	 	 	 
44	61.32301	64.398315	 	82.86607	69.20536	 	 	 	 
45	61.266216	64.40117	 	83.38393	68.44643	 	 	 	 
46	61.33378	64.46321	 	82.990906	68.045456	 	 	 	 
47	61.363316	64.44301	 	82.28151	67.94538	 	 	 	 
48	61.333813	64.41375	 	81.87931	67.51724	 	 	 	 
49	61.296677	64.437546	 	81.71368	67.52564	 	 	 	 
50	61.33238	64.40994	 	81.6453	68.85897	 	 	 	 
51	61.38038	64.37778	 	82.55042	69.382355	 	 	 	 
52	61.477146	64.42279	 	 	 	 	 	 	 
53	61.41524	64.46121	 	 	 	 	 	 	 
54	61.512447	64.414536	 	 	 	 	 	 	 
55	61.517864	64.39914	 	 	 	 	 	 	 
56	61.38576	64.3946	 	 	 	 	82.4313	70.11069	 
57	61.425777	64.38587	 	 	 	 	82.08594	69.78906	 
58	61.3426	64.36051	 	 	 	 	81.7	69.916664	 
59	61.365513	64.32459	 	 	 	 	81.16355	70.443924	 
60	61.344234	64.29696	 	 	 	 	81.07	71.94	 
61	61.352448	64.36397	 	 	 	 	81.51695	72.72034	 
62	61.35393	64.31269	 	 	 	 	80.59091	72.96364	 
63	61.379475	64.25355	 	 	 	 	80.25214	73.36325	 
64	61.416004	64.31143	 	 	 	 	79.97321	73.73214	 
65	61.45963	64.3001	 	 	 	 	79.24312	73.76605	 
66	61.42257	64.27717	 	 	 	 	78.16327	74.234695	 
67	61.51255	64.29364	 	 	 	 	77.54386	74.46491	 
68	61.43845	64.30896	 	 	 	 	77.200935	74.66822	 
69	61.400757	64.23366	 	 	 	 	77.065216	75.39565	 
70	61.433655	64.258736	 	 	 	 	77.632744	75.39381	 
71	61.420155	64.23908	 	 	 	 	77.5339	75.51695	 
72	61.400085	64.257545	 	 	 	 	77.95872	75.426605	 
73	61.339672	64.288536	 	 	 	 	78.666664	75.41228	 
74	61.35362	64.30581	 	 	 	 	79.160866	75.18696	 
75	61.29765	64.273895	 	 	 	 	79.90187	75.107475	 
76	61.423744	64.25169	 	 	 	 	80.15812	75.20085	 
77	61.364788	64.27124	 	 	 	 	80.22414	74.913795	 
78	61.419098	64.29983	 	 	 	 	79.97321	74.99107	 
79	61.40407	64.25165	 	 	 	 	79.962265	74.679245	 
80	61.366405	64.302414	 	 	 	 	80.42437	74.390755	 
81	61.398193	64.25559	 	 	 	 	80.32569	75.03211	 
82	61.422123	64.288826	 	 	 	 	 	 	 
83	61.48951	64.323135	 	 	 	 	 	 	 
84	61.508286	64.294136	 	 	 	 	 	 	 
85	61.492622	64.30044	 	 	 	 	 	 	 
86	61.22304	64.20767	 	 	 	 	 	 	 
87	61.517963	64.28045	 	 	 	 	 	 	 
88	61.381485	64.29856	 	 	 	 	 	 	 
89	61.4168	64.31112	 	 	 	 	 	 	 
90	61.376263	64.261665	 	 	 	 	 	 	 
91	61.40667	64.28802	 	 	 	 	 	 	 
92	61.321594	64.25557	 	 	 	 	 	 	 
93	61.449265	64.291046	 	 	 	 	 	 	 
94	61.272316	64.124695	 	 	 	 	 	 	 
95	61.35343	64.18822	 	 	 	 	 	 	 
96	61.342823	64.295616	 	 	 	 	 	 	 
97	61.42717	64.26852	 	 	 	 	 	 	 
98	61.508587	64.26656	 	 	 	 	 	 	 
99	61.489594	64.237785	 	 	 	 	 	 	 
100	61.480583	64.238075	 	 	 	 	 	 	 
101	61.391823	64.250374	 	 	 	 	 	 	 
102	61.49064	64.21682	 	 	 	 	 	 	 
103	61.37321	64.26287	 	 	 	 	 	 	 
104	61.478508	64.25667	 	 	 	 	 	 	 
105	61.488438	64.26416	 	 	 	 	 	 	 
106	61.56886	64.31051	 	 	 	 	 	 	 
107	61.558327	64.30698	 	 	 	 	 	 	 
108	61.517162	64.29252	 	 	 	 	 	 	 
109	61.471397	64.25699	 	 	 	 	 	 	 
110	61.46874	64.264694	 	 	 	 	 	 	 
111	61.485733	64.24319	 	 	 	 	 	 	 
112	61.46083	64.28092	 	 	 	 	 	 	 
113	61.462727	64.27804	 	 	 	 	 	 	 
114	61.469994	64.2897	 	 	 	 	 	 	 
115	61.406605	64.225586	 	 	 	 	 	 	 
116	61.465664	64.206825	 	 	 	 	 	 	 
117	61.526234	64.27776	 	 	 	 	 	 	 
118	61.50097	64.26494	 	 	 	 	 	 	 
119	61.456955	64.2611	 	 	 	 	 	 	 
120	61.50425	64.293816	 	 	 	 	 	 	 
121	61.47328	64.239784	 	 	 	 	 	 	 
122	61.31136	64.24971	 	 	 	 	 	 	 
123	61.504765	64.30686	 	 	 	 	 	 	 
124	61.454227	64.27113	 	 	 	 	 	 	 
125	61.483578	64.334564	 	 	 	 	 	 	 
126	61.45949	64.32308	 	 	 	 	 	 	 
127	61.49182	64.31623	 	 	 	 	 	 	 
128	61.49059	64.26062	 	 	 	 	 	 	 
129	61.480663	64.25271	 	 	 	 	 	 	 
130	61.437347	64.24713	 	 	 	 	 	 	 
131	61.389103	64.286865	 	 	 	 	 	 	 
132	61.443172	64.233795	 	 	 	 	 	 	 
133	61.4833	64.26492	 	 	 	 	 	 	 
134	61.444283	64.2485	 	 	 	 	 	 	 
135	61.488453	64.27402	 	 	 	 	 	 	 
136	61.46095	64.27751	 	 	 	 	 	 	 
137	61.4809	64.21218	 	 	 	 	 	 	 
138	61.493164	64.25035	 	 	 	 	 	 	 
139	61.472366	64.23711	 	 	 	 	 	 	 
140	61.467083	64.19476	 	 	 	 	 	 	 
141	61.485634	64.25155	 	 	 	 	 	 	 
142	61.556637	64.29785	 	 	 	 	 	 	 
143	61.505344	64.28655	 	 	 	 	 	 	 
144	61.498	64.23081	 	 	 	 	 	 	 
145	61.467457	64.24935	 	 	 	 	 	 	 
146	61.51244	64.274284	 	 	 	 	 	 	 
147	61.464188	64.283325	 	 	 	 	 	 	 
148	61.534996	64.25193	 	 	 	 	 	 	 
149	61.449432	64.234886	 	 	 	 	 	 	 
150	61.49477	64.23794	 	 	 	 	 	 	 
151	61.453506	64.2377	 	 	 	 	 	 	 
152	61.372467	64.20121	 	 	 	 	 	 	 
153	61.41107	64.20457	 	 	 	 	 	 	 
154	61.34843	64.15358	 	 	 	 	 	 	 
155	61.47282	64.22079	 	 	 	 	 	 	 
156	61.47269	64.21154	 	 	 	 	 	 	 
157	61.512238	64.27304	 	 	 	 	 	 	 
158	61.450222	64.29399	 	 	 	 	 	 	 
159	61.453613	64.20606	 	 	 	 	 	 	 
160	61.414707	64.22166	 	 	 	 	 	 	 
161	61.441845	64.28255	 	 	 	 	 	 	 
162	61.483814	64.27288	 	 	 	 	 	 	 
163	61.41969	64.23367	 	 	 	 	 	 	 
164	61.50219	64.29252	 	 	 	 	 	 	 
165	61.470043	64.23573	 	 	 	 	 	 	 
166	61.447395	64.25253	 	 	 	 	 	 	 
167	61.46756	64.280655	 	 	 	 	 	 	 
168	61.442467	64.229195	 	 	 	 	 	 	 
169	61.46658	64.26226	 	 	 	 	 	 	 
170	61.5297	64.307175	 	 	 	 	 	 	 
171	61.350254	64.20297	 	 	 	 	 	 	 
172	61.347443	64.23741	 	 	 	 	 	 	 
173	61.376606	64.24262	 	 	 	 	 	 	 
174	61.44184	64.27497	 	 	 	 	 	 	 
175	61.378128	64.18986	 	 	 	 	 	 	 
176	61.51727	64.30651	 	 	 	 	 	 	 
177	61.514496	64.28237	 	 	 	 	 	 	 
178	61.339813	64.2011	 	 	 	 	 	 	 
179	61.328087	64.17864	 	 	 	 	 	 	 
180	61.419975	64.19089	 	 	 	 	 	 	 
181	61.435818	64.19629	 	 	 	 	 	 	 
182	61.432102	64.23989	 	 	 	 	 	 	 
183	61.32878	64.178795	 	 	 	 	 	 	 
184	61.389355	64.301674	 	 	 	 	 	 	 
185	61.451283	64.26145	 	 	 	 	 	 	 
186	61.365437	64.25784	 	 	 	 	 	 	 
187	61.509018	64.30439	 	 	 	 	 	 	 
188	61.51977	64.29102	 	 	 	 	 	 	 
189	61.47884	64.28922	 	 	 	 	 	 	 
190	61.46325	64.22964	 	 	 	 	 	 	 
191	61.473736	64.24021	 	 	 	 	 	 	 
192	61.472576	64.31035	 	 	 	 	 	 	 
193	61.504383	64.28975	 	 	 	 	 	 	 
194	61.537403	64.24345	 	 	 	 	 	 	 
195	61.52448	64.270744	 	 	 	 	 	 	 
196	61.42404	64.18382	 	 	 	 	 	 	 
197	61.48251	64.19638	 	 	 	 	 	 	 
198	61.48942	64.23807	 	 	 	 	 	 	 
199	61.525284	64.22676	 	 	 	 	 	 	 
200	61.532352	64.221	 	 	 	 	 	 	 
