Frame	X1	Y1	Flag1	X2	Y2	Flag2	X3	Y3	Flag3	X4	Y4	Flag4	X5	Y5	Flag5	X6	Y6	Flag6	X7	Y7	Flag7
Tracks 1 to 7
1	64.129105	64.56085	 	 	 	 	 	 	 	 	 	 	 	 	 	 	 	 	 	 	 
2	64.153114	64.9223	 	59.988506	33.672413	 	 	 	 	 	 	 	 	 	 	 	 	 	 	 	 
3	64.18532	64.93274	 	59.413044	33.723602	 	 	 	 	 	 	 	 	 	 	 	 	 	 	 	 
4	64.15374	65.013824	 	59.875	33.42105	 	 	 	 	 	 	 	 	 	 	 	 	 	 	 	 
5	64.12963	65.005486	 	60.539215	33.41503	 	 	 	 	 	 	 	 	 	 	 	 	 	 	 	 
6	64.11338	65.02022	 	60.385136	33.0473	 	 	 	 	 	 	 	 	 	 	 	 	 	 	 	 
7	64.12068	64.98167	 	60.301243	32.425465	 	 	 	 	 	 	 	 	 	 	 	 	 	 	 	 
8	64.09938	65.04479	 	60.43421	31.776316	 	 	 	 	 	 	 	 	 	 	 	 	 	 	 	 
9	64.06672	65.1045	 	61.092857	31.235714	 	 	 	 	 	 	 	 	 	 	 	 	 	 	 	 
10	64.04625	65.03585	 	61.94	30.833334	 	 	 	 	 	 	 	 	 	 	 	 	 	 	 	 
11	64.061714	64.992134	 	61.493057	30.98611	 	 	 	 	 	 	 	 	 	 	 	 	 	 	 	 
12	64.05362	65.00166	 	61.526844	30.916107	 	 	 	 	 	 	 	 	 	 	 	 	 	 	 	 
13	64.08276	65.02181	 	60.835876	31.057251	 	 	 	 	 	 	 	 	 	 	 	 	 	 	 	 
14	64.10234	64.96004	 	59.986668	31.0	 	 	 	 	 	 	 	 	 	 	 	 	 	 	 	 
15	64.144325	64.992256	 	59.22388	31.25373	 	 	 	 	 	 	 	 	 	 	 	 	 	 	 	 
16	64.16591	64.92515	 	58.04605	31.94079	 	 	 	 	 	 	 	 	 	 	 	 	 	 	 	 
17	64.167885	64.93765	 	57.895973	32.016777	 	 	 	 	 	 	 	 	 	 	 	 	 	 	 	 
18	64.14579	64.88878	 	58.032894	31.723684	 	 	 	 	 	 	 	 	 	 	 	 	 	 	 	 
19	64.14093	64.87903	 	58.295918	31.942177	 	 	 	 	 	 	 	 	 	 	 	 	 	 	 	 
20	64.156906	64.897804	 	58.30537	32.50671	 	 	 	 	 	 	 	 	 	 	 	 	 	 	 	 
21	64.153206	64.87046	 	58.171143	33.271812	 	 	 	 	 	 	 	 	 	 	 	 	 	 	 	 
22	64.14271	64.91464	 	58.513332	33.393333	 	 	 	 	 	 	 	 	 	 	 	 	 	 	 	 
23	64.14522	64.88934	 	58.78188	33.59396	 	 	 	 	 	 	 	 	 	 	 	 	 	 	 	 
24	64.12704	64.877365	 	58.95946	33.898647	 	 	 	 	 	 	 	 	 	 	 	 	 	 	 	 
25	64.13957	64.86364	 	58.912163	34.22973	 	 	 	 	 	 	 	 	 	 	 	 	 	 	 	 
26	64.1442	64.83769	 	58.68116	35.246376	 	 	 	 	 	 	 	 	 	 	 	 	 	 	 	 
27	64.16476	64.85487	 	58.09155	35.795776	 	 	 	 	 	 	 	 	 	 	 	 	 	 	 	 
28	64.16604	64.8004	 	57.744606	36.26259	 	 	 	 	 	 	 	 	 	 	 	 	 	 	 	 
29	64.17037	64.792435	 	57.614094	36.68792	 	 	 	 	 	 	 	 	 	 	 	 	 	 	 	 
30	64.167816	64.78009	 	57.552288	36.454247	 	 	 	 	 	 	 	 	 	 	 	 	 	 	 	 
31	64.18983	64.79761	 	57.084507	36.619717	 	 	 	 	 	 	 	 	 	 	 	 	 	 	 	 
32	64.20141	64.80576	 	56.66794	38.019085	 	 	 	 	 	 	 	 	 	 	 	 	 	 	 	 
33	64.18204	64.7454	 	57.13576	38.52649	 	 	 	 	 	 	 	 	 	 	 	 	 	 	 	 
34	64.1557	64.773155	 	58.017006	37.19388	 	 	 	 	 	 	 	 	 	 	 	 	 	 	 	 
35	64.117226	64.7119	 	58.865852	37.02439	 	 	 	 	 	 	 	 	 	 	 	 	 	 	 	 
36	64.10542	64.691055	 	59.133137	37.571007	 	 	 	 	 	 	 	 	 	 	 	 	 	 	 	 
37	64.089424	64.65776	 	59.47059	37.85294	 	 	 	 	 	 	 	 	 	 	 	 	 	 	 	 
38	64.07795	64.630135	 	59.22327	38.242138	 	 	 	 	 	 	 	 	 	 	 	 	 	 	 	 
39	64.09505	64.61807	 	58.60651	38.784023	 	 	 	 	 	 	 	 	 	 	 	 	 	 	 	 
40	64.12494	64.6426	 	57.753166	38.97468	 	 	 	 	 	 	 	 	 	 	 	 	 	 	 	 
41	64.12413	64.61491	 	57.769463	38.967068	 	 	 	 	 	 	 	 	 	 	 	 	 	 	 	 
42	64.11402	64.5954	 	57.706898	38.649426	 	 	 	 	 	 	 	 	 	 	 	 	 	 	 	 
43	64.118744	64.605804	 	57.31579	39.217106	 	 	 	 	 	 	 	 	 	 	 	 	 	 	 	 
44	64.0461	64.33079	 	 	 	 	 	 	 	 	 	 	 	 	 	 	 	 	 	 	 
45	64.031364	64.33138	 	 	 	 	 	 	 	 	 	 	 	 	 	 	 	 	 	 	 
46	64.00777	64.32026	 	 	 	 	 	 	 	 	 	 	 	 	 	 	 	 	 	 	 
47	63.995518	64.30527	 	 	 	 	 	 	 	 	 	 	 	 	 	 	 	 	 	 	 
48	64.01121	64.35323	 	 	 	 	 	 	 	 	 	 	 	 	 	 	 	 	 	 	 
49	64.00532	64.31487	 	 	 	 	 	 	 	 	 	 	 	 	 	 	 	 	 	 	 
50	64.002785	64.32463	 	 	 	 	 	 	 	 	 	 	 	 	 	 	 	 	 	 	 
51	64.00812	64.34432	 	 	 	 	 	 	 	 	 	 	 	 	 	 	 	 	 	 	 
52	64.01166	64.2862	 	 	 	 	 	 	 	 	 	 	 	 	 	 	 	 	 	 	 
53	64.024055	64.32515	 	 	 	 	 	 	 	 	 	 	 	 	 	 	 	 	 	 	 
54	64.038506	64.31674	 	 	 	 	 	 	 	 	 	 	 	 	 	 	 	 	 	 	 
55	64.01871	64.298935	 	 	 	 	 	 	 	 	 	 	 	 	 	 	 	 	 	 	 
56	64.01127	64.32415	 	 	 	 	 	 	 	 	 	 	 	 	 	 	 	 	 	 	 
57	64.001144	64.34591	 	 	 	 	 	 	 	 	 	 	 	 	 	 	 	 	 	 	 
58	64.00006	64.33748	 	 	 	 	 	 	 	 	 	 	 	 	 	 	 	 	 	 	 
59	63.997086	64.43291	 	 	 	 	 	 	 	 	 	 	 	 	 	 	 	 	 	 	 
60	63.9818	64.40442	 	 	 	 	 	 	 	 	 	 	 	 	 	 	 	 	 	 	 
61	63.96829	64.36123	 	 	 	 	 	 	 	 	 	 	 	 	 	 	 	 	 	 	 
62	63.971138	64.39445	 	 	 	 	 	 	 	 	 	 	 	 	 	 	 	 	 	 	 
63	63.97951	64.41557	 	 	 	 	 	 	 	 	 	 	 	 	 	 	 	 	 	 	 
64	63.981216	64.42809	 	 	 	 	 	 	 	 	 	 	 	 	 	 	 	 	 	 	 
65	63.9887	64.43413	 	 	 	 	 	 	 	 	 	 	 	 	 	 	 	 	 	 	 
66	63.97553	64.4216	 	 	 	 	 	 	 	 	 	 	 	 	 	 	 	 	 	 	 
67	63.96327	64.36926	 	 	 	 	 	 	 	 	 	 	 	 	 	 	 	 	 	 	 
68	63.960014	64.4331	 	 	 	 	 	 	 	 	 	 	 	 	 	 	 	 	 	 	 
69	63.94516	64.41108	 	 	 	 	 	 	 	 	 	 	 	 	 	 	 	 	 	 	 
70	63.94845	64.364815	 	 	 	 	 	 	 	 	 	 	 	 	 	 	 	 	 	 	 
71	63.961395	64.3831	 	 	 	 	 	 	 	 	 	 	 	 	 	 	 	 	 	 	 
72	63.970222	64.732635	 	 	 	 	64.04491	35.64371	 	 	 	 	 	 	 	 	 	 	 	 	 
73	63.965923	64.716156	 	 	 	 	63.296177	35.621017	 	 	 	 	 	 	 	 	 	 	 	 	 
74	63.95888	64.68491	 	 	 	 	63.6227	36.23006	 	 	 	 	 	 	 	 	 	 	 	 	 
75	63.94753	64.44651	 	 	 	 	 	 	 	 	 	 	 	 	 	 	 	 	 	 	 
76	63.965122	64.70853	 	 	 	 	 	 	 	 	 	 	 	 	 	 	 	 	 	 	 
77	63.95448	64.386566	 	 	 	 	 	 	 	 	 	 	 	 	 	 	 	 	 	 	 
78	63.957977	64.4011	 	 	 	 	 	 	 	 	 	 	 	 	 	 	 	 	 	 	 
79	63.96833	64.65794	 	 	 	 	 	 	 	 	 	 	 	 	 	 	 	 	 	 	 
80	63.965332	64.42422	 	 	 	 	 	 	 	 	 	 	 	 	 	 	 	 	 	 	 
81	63.993835	64.73609	 	 	 	 	 	 	 	63.20552	35.27914	 	 	 	 	 	 	 	 	 	 
82	63.989204	64.72858	 	 	 	 	 	 	 	63.58046	35.333332	 	 	 	 	 	 	 	 	 	 
83	63.9938	64.73989	 	 	 	 	 	 	 	63.244186	35.447674	 	 	 	 	 	 	 	 	 	 
84	63.989517	64.718445	 	 	 	 	 	 	 	63.271427	35.517143	 	 	 	 	 	 	 	 	 	 
85	63.98698	64.74634	 	 	 	 	 	 	 	63.00625	34.8875	 	 	 	 	 	 	 	 	 	 
86	63.97581	64.387344	 	 	 	 	 	 	 	 	 	 	 	 	 	 	 	 	 	 	 
87	63.96905	64.37243	 	 	 	 	 	 	 	 	 	 	 	 	 	 	 	 	 	 	 
88	63.959297	64.396576	 	 	 	 	 	 	 	 	 	 	 	 	 	 	 	 	 	 	 
89	63.96461	64.38737	 	 	 	 	 	 	 	 	 	 	 	 	 	 	 	 	 	 	 
90	63.954933	64.44257	 	 	 	 	 	 	 	 	 	 	 	 	 	 	 	 	 	 	 
91	63.9708	64.39953	 	 	 	 	 	 	 	 	 	 	 	 	 	 	 	 	 	 	 
92	63.977306	64.46819	 	 	 	 	 	 	 	 	 	 	 	 	 	 	 	 	 	 	 
93	63.965805	64.42103	 	 	 	 	 	 	 	 	 	 	 	 	 	 	 	 	 	 	 
94	63.96159	64.41916	 	 	 	 	 	 	 	 	 	 	 	 	 	 	 	 	 	 	 
95	63.938633	64.47578	 	 	 	 	 	 	 	 	 	 	 	 	 	 	 	 	 	 	 
96	63.91259	64.75264	 	 	 	 	 	 	 	 	 	 	65.23077	31.97436	 	 	 	 	 	 	 
97	63.910343	64.75516	 	 	 	 	 	 	 	 	 	 	65.8481	32.253166	 	 	 	 	 	 	 
98	63.9103	64.764786	 	 	 	 	 	 	 	 	 	 	66.33908	32.41379	 	 	 	 	 	 	 
99	63.88909	64.83417	 	 	 	 	 	 	 	 	 	 	67.02597	31.61039	 	 	 	 	 	 	 
100	63.865913	64.76236	 	 	 	 	 	 	 	 	 	 	67.80675	31.334356	 	 	 	 	 	 	 
101	63.863518	64.81511	 	 	 	 	 	 	 	 	 	 	67.837425	32.05828	 	 	 	 	 	 	 
102	63.872902	64.80826	 	 	 	 	 	 	 	 	 	 	67.51183	32.760357	 	 	 	 	 	 	 
103	63.879543	64.8096	 	 	 	 	 	 	 	 	 	 	67.303925	33.898693	 	 	 	 	 	 	 
104	63.89072	64.75719	 	 	 	 	 	 	 	 	 	 	66.51316	34.20395	 	 	 	 	 	 	 
105	63.901886	64.720726	 	 	 	 	 	 	 	 	 	 	66.5814	33.36628	 	 	 	 	 	 	 
106	63.90075	64.74329	 	 	 	 	 	 	 	 	 	 	66.84503	33.69298	 	 	 	 	 	 	 
107	63.873905	64.783806	 	 	 	 	 	 	 	 	 	 	67.83951	33.82716	 	 	 	 	 	 	 
108	63.845654	64.809944	 	 	 	 	 	 	 	 	 	 	68.73418	33.322784	 	 	 	 	 	 	 
109	63.833313	64.75144	 	 	 	 	 	 	 	 	 	 	69.05029	32.849113	 	 	 	 	 	 	 
110	63.89048	64.41632	 	 	 	 	 	 	 	 	 	 	 	 	 	 	 	 	 	 	 
111	63.88149	64.38044	 	 	 	 	 	 	 	 	 	 	 	 	 	 	 	 	 	 	 
112	63.855984	64.443695	 	 	 	 	 	 	 	 	 	 	 	 	 	 	 	 	 	 	 
113	63.87637	64.37436	 	 	 	 	 	 	 	 	 	 	 	 	 	 	 	 	 	 	 
114	63.88723	64.37329	 	 	 	 	 	 	 	 	 	 	 	 	 	 	 	 	 	 	 
115	63.885323	64.38062	 	 	 	 	 	 	 	 	 	 	 	 	 	 	 	 	 	 	 
116	63.88036	64.40186	 	 	 	 	 	 	 	 	 	 	 	 	 	 	 	 	 	 	 
117	63.887283	64.41152	 	 	 	 	 	 	 	 	 	 	 	 	 	 	 	 	 	 	 
118	63.83686	64.73232	 	 	 	 	 	 	 	 	 	 	 	 	 	69.10947	36.233727	 	 	 	 
119	63.847202	64.72921	 	 	 	 	 	 	 	 	 	 	 	 	 	68.81138	36.236526	 	 	 	 
120	63.844044	64.72521	 	 	 	 	 	 	 	 	 	 	 	 	 	69.064415	36.518406	 	 	 	 
121	63.817417	64.714455	 	 	 	 	 	 	 	 	 	 	 	 	 	69.88312	37.266235	 	 	 	 
122	63.80696	64.69652	 	 	 	 	 	 	 	 	 	 	 	 	 	70.51183	37.73077	 	 	 	 
123	63.774807	64.71905	 	 	 	 	 	 	 	 	 	 	 	 	 	71.1129	38.041935	 	 	 	 
124	63.778706	64.69366	 	 	 	 	 	 	 	 	 	 	 	 	 	71.089745	38.26282	 	 	 	 
125	63.778336	64.67401	 	 	 	 	 	 	 	 	 	 	 	 	 	71.18125	38.125	 	 	 	 
126	63.73965	64.69406	 	 	 	 	 	 	 	 	 	 	 	 	 	72.42105	37.44079	 	 	 	 
127	63.72829	64.672676	 	 	 	 	 	 	 	 	 	 	 	 	 	73.66868	37.04819	 	 	 	 
128	63.73148	64.68869	 	 	 	 	 	 	 	 	 	 	 	 	 	73.5184	36.751534	 	 	 	 
129	63.73788	64.70838	 	 	 	 	 	 	 	 	 	 	 	 	 	72.70497	37.065216	 	 	 	 
130	63.766438	64.65327	 	 	 	 	 	 	 	 	 	 	 	 	 	71.954544	37.512123	 	 	 	 
131	63.856003	64.34321	 	 	 	 	 	 	 	 	 	 	 	 	 	 	 	 	 	 	 
132	63.860035	64.33361	 	 	 	 	 	 	 	 	 	 	 	 	 	 	 	 	 	 	 
133	63.867115	64.34541	 	 	 	 	 	 	 	 	 	 	 	 	 	 	 	 	 	 	 
134	63.849545	64.374886	 	 	 	 	 	 	 	 	 	 	 	 	 	 	 	 	 	 	 
135	63.86209	64.36608	 	 	 	 	 	 	 	 	 	 	 	 	 	 	 	 	 	 	 
136	63.8558	64.38663	 	 	 	 	 	 	 	 	 	 	 	 	 	 	 	 	 	 	 
137	63.851097	64.38803	 	 	 	 	 	 	 	 	 	 	 	 	 	 	 	 	 	 	 
138	63.85901	64.419876	 	 	 	 	 	 	 	 	 	 	 	 	 	 	 	 	 	 	 
139	63.862823	64.432144	 	 	 	 	 	 	 	 	 	 	 	 	 	 	 	 	 	 	 
140	63.848022	64.48465	 	 	 	 	 	 	 	 	 	 	 	 	 	 	 	 	 	 	 
141	63.868423	64.447395	 	 	 	 	 	 	 	 	 	 	 	 	 	 	 	 	 	 	 
142	63.851063	64.47393	 	 	 	 	 	 	 	 	 	 	 	 	 	 	 	 	 	 	 
143	63.860058	64.43738	 	 	 	 	 	 	 	 	 	 	 	 	 	 	 	 	 	 	 
144	63.857735	64.418495	 	 	 	 	 	 	 	 	 	 	 	 	 	 	 	 	 	 	 
145	63.8749	64.3525	 	 	 	 	 	 	 	 	 	 	 	 	 	 	 	 	 	 	 
146	63.87057	64.40234	 	 	 	 	 	 	 	 	 	 	 	 	 	 	 	 	 	 	 
147	63.881264	64.39271	 	 	 	 	 	 	 	 	 	 	 	 	 	 	 	 	 	 	 
148	63.88182	64.4086	 	 	 	 	 	 	 	 	 	 	 	 	 	 	 	 	 	 	 
149	63.874805	64.41478	 	 	 	 	 	 	 	 	 	 	 	 	 	 	 	 	 	 	 
150	63.864155	64.440155	 	 	 	 	 	 	 	 	 	 	 	 	 	 	 	 	 	 	 
151	63.850784	64.410164	 	 	 	 	 	 	 	 	 	 	 	 	 	 	 	 	 	 	 
152	63.84951	64.427666	 	 	 	 	 	 	 	 	 	 	 	 	 	 	 	 	 	 	 
153	63.86864	64.41131	 	 	 	 	 	 	 	 	 	 	 	 	 	 	 	 	 	 	 
154	63.891785	64.37946	 	 	 	 	 	 	 	 	 	 	 	 	 	 	 	 	 	 	 
155	63.9039	64.3567	 	 	 	 	 	 	 	 	 	 	 	 	 	 	 	 	 	 	 
156	63.913612	64.34065	 	 	 	 	 	 	 	 	 	 	 	 	 	 	 	 	 	 	 
157	63.909203	64.32379	 	 	 	 	 	 	 	 	 	 	 	 	 	 	 	 	 	 	 
158	63.90767	64.3305	 	 	 	 	 	 	 	 	 	 	 	 	 	 	 	 	 	 	 
159	63.902477	64.34577	 	 	 	 	 	 	 	 	 	 	 	 	 	 	 	 	 	 	 
160	63.89615	64.32672	 	 	 	 	 	 	 	 	 	 	 	 	 	 	 	 	 	 	 
161	63.887245	64.355736	 	 	 	 	 	 	 	 	 	 	 	 	 	 	 	 	 	 	 
162	63.89317	64.31158	 	 	 	 	 	 	 	 	 	 	 	 	 	 	 	 	 	 	 
163	63.89249	64.31263	 	 	 	 	 	 	 	 	 	 	 	 	 	 	 	 	 	 	 
164	63.883995	64.306114	 	 	 	 	 	 	 	 	 	 	 	 	 	 	 	 	 	 	 
165	63.875843	64.305145	 	 	 	 	 	 	 	 	 	 	 	 	 	 	 	 	 	 	 
166	63.86158	64.36083	 	 	 	 	 	 	 	 	 	 	 	 	 	 	 	 	 	 	 
167	63.868805	64.398994	 	 	 	 	 	 	 	 	 	 	 	 	 	 	 	 	 	 	 
168	63.851105	64.485054	 	 	 	 	 	 	 	 	 	 	 	 	 	 	 	 	 	 	 
169	63.88726	64.350296	 	 	 	 	 	 	 	 	 	 	 	 	 	 	 	 	 	 	 
170	63.893738	64.33686	 	 	 	 	 	 	 	 	 	 	 	 	 	 	 	 	 	 	 
171	63.902325	64.331795	 	 	 	 	 	 	 	 	 	 	 	 	 	 	 	 	 	 	 
172	63.90809	64.31705	 	 	 	 	 	 	 	 	 	 	 	 	 	 	 	 	 	 	 
173	63.900978	64.36512	 	 	 	 	 	 	 	 	 	 	 	 	 	 	 	 	 	 	 
174	63.916485	64.34163	 	 	 	 	 	 	 	 	 	 	 	 	 	 	 	 	 	 	 
175	63.912716	64.67976	 	 	 	 	 	 	 	 	 	 	 	 	 	 	 	 	65.671974	37.003185	 
176	63.91811	64.64172	 	 	 	 	 	 	 	 	 	 	 	 	 	 	 	 	65.71951	36.82317	 
177	63.92523	64.686646	 	 	 	 	 	 	 	 	 	 	 	 	 	 	 	 	65.62575	36.326347	 
178	63.9246	64.749985	 	 	 	 	 	 	 	 	 	 	 	 	 	 	 	 	65.7875	35.8	 
179	63.914745	64.790375	 	 	 	 	 	 	 	 	 	 	 	 	 	 	 	 	66.39308	34.87107	 
180	63.875423	64.79377	 	 	 	 	 	 	 	 	 	 	 	 	 	 	 	 	67.684715	34.46815	 
181	63.85775	64.808	 	 	 	 	 	 	 	 	 	 	 	 	 	 	 	 	68.48795	33.909637	 
182	63.853493	64.78738	 	 	 	 	 	 	 	 	 	 	 	 	 	 	 	 	68.55143	33.442856	 
183	63.84102	64.806564	 	 	 	 	 	 	 	 	 	 	 	 	 	 	 	 	69.03049	33.530487	 
184	63.833458	64.798836	 	 	 	 	 	 	 	 	 	 	 	 	 	 	 	 	69.43374	33.31928	 
185	63.819828	64.79302	 	 	 	 	 	 	 	 	 	 	 	 	 	 	 	 	69.903725	33.61801	 
186	63.821243	64.79062	 	 	 	 	 	 	 	 	 	 	 	 	 	 	 	 	70.07485	33.793415	 
187	63.823353	64.78897	 	 	 	 	 	 	 	 	 	 	 	 	 	 	 	 	69.80061	33.54908	 
188	63.84042	64.825745	 	 	 	 	 	 	 	 	 	 	 	 	 	 	 	 	69.05696	33.879745	 
189	63.859016	64.78084	 	 	 	 	 	 	 	 	 	 	 	 	 	 	 	 	68.40588	34.317646	 
190	63.876175	64.81053	 	 	 	 	 	 	 	 	 	 	 	 	 	 	 	 	67.87952	34.421688	 
191	63.888905	64.84153	 	 	 	 	 	 	 	 	 	 	 	 	 	 	 	 	67.14744	34.102566	 
192	63.89615	64.83289	 	 	 	 	 	 	 	 	 	 	 	 	 	 	 	 	67.09036	34.198795	 
193	63.893665	64.81957	 	 	 	 	 	 	 	 	 	 	 	 	 	 	 	 	67.02761	34.684048	 
194	63.90025	64.81038	 	 	 	 	 	 	 	 	 	 	 	 	 	 	 	 	66.83129	34.690186	 
195	63.917915	64.799164	 	 	 	 	 	 	 	 	 	 	 	 	 	 	 	 	66.3924	35.05696	 
196	63.93738	64.765076	 	 	 	 	 	 	 	 	 	 	 	 	 	 	 	 	65.96745	35.33432	 
197	63.915997	64.807594	 	 	 	 	 	 	 	 	 	 	 	 	 	 	 	 	66.152176	35.052795	 
198	63.912796	64.77361	 	 	 	 	 	 	 	 	 	 	 	 	 	 	 	 	66.41411	35.076687	 
199	63.912514	64.77377	 	 	 	 	 	 	 	 	 	 	 	 	 	 	 	 	66.43023	35.534885	 
200	63.926617	64.799934	 	 	 	 	 	 	 	 	 	 	 	 	 	 	 	 	65.96342	35.536587	 
